000003
000004
000007
000008
000010
000011
000012
000013
000015
000016
000017
000018
000019
000020
000022
000023
000024
000025
000028
000033
000034
000035
000037
000038
000039
000040
000041
000044
000045
000046
000047
000048
000049
000050
000051
000053
000054
000055
000057
000058
000059
000060
000062
000064
000065
000071
000072
000074
000075
000076
000077
000079
000080
000082
000084
000085
000087
000088
000089
000092
000093
000094
000095
000096
000101
000102
000106
000108
000110
000112
000113
000114
000116
000117
000119
000120
000121
000123
000125
000126
000127
000128
000130
000131
000133
000134
000135
000137
000138
000139
000140
000141
000142
000143
000144
000145
000147
000148
000149
000150
000151
000152
000154
000157
000159
000160
000161
000165
000166
000167
000168
000169
000170
000171
000172
000174
000175
000176
000178
000179
000181
000188
000189
000191
000192
000193
000194
000195
000196
000198
000199
000201
000202
000204
000205
000206
000212
000213
000214
000219
000220
000221
000223
000225
000226
000227
000228
000229
000232
000234
000236
000237
000239
000241
000242
000243
000244
000245
000246
000248
000249
000250
000251
000252
000253
000255
000256
000257
000258
000259
000260
000262
000263
000265
000268
000271
000273
000276
000277
000282
000287
000289
000291
000292
000293
000294
000295
000296
000297
000298
000299
000301
000302
000304
000305
000306
000308
000309
000311
000314
000316
000317
000321
000322
000323
000324
000325
000326
000327
000328
000329
000330
000332
000334
000335
000336
000337
000339
000340
000343
000344
000345
000346
000347
000351
000352
000353
000355
000358
000361
000362
000364
000365
000369
000370
000371
000372
000374
000375
000376
000378
000379
000381
000382
000385
000387
000388
000389
000390
000391
000392
000394
000395
000396
000397
000398
000399
000402
000403
000404
000406
000407
000409
000410
000413
000416
000417
000419
000425
000427
000429
000430
000432
000434
000435
000436
000438
000440
000441
000442
000443
000444
000446
000448
000450
000451
000452
000454
000455
000458
000459
000461
000462
000464
000466
000468
000470
000471
000472
000474
000476
000478
000479
000481
000482
000484
000485
000486
000490
000491
000492
000493
000495
000496
000497
000498
000499
000500
000502
000503
000504
000505
000506
000509
000510
000511
000513
000514
000516
000518
000519
000521
000522
000523
000524
000525
000526
000527
000529
000530
000533
000534
000536
000538
000539
000540
000542
000543
000544
000545
000547
000548
000549
000552
000554
000555
000556
000561
000562
000570
000571
000572
000573
000574
000579
000580
000581
000582
000583
000585
000586
000587
000590
000591
000592
000595
000596
000597
000598
000599
000600
000603
000604
000605
000606
000608
000609
000610
000611
000612
000613
000614
000618
000619
000621
000622
000623
000624
000625
000627
000629
000630
000631
000634
000638
000640
000641
000642
000648
000649
000650
000651
000654
000656
000658
000659
000661
000662
000665
000666
000667
000668
000669
000670
000671
000682
000683
000685
000686
000687
000688
000691
000692
000693
000694
000695
000696
000697
000698
000699
000700
000701
000703
000704
000705
000707
000708
000711
000712
000713
000714
000715
000717
000718
000720
000721
000722
000724
000726
000727
000729
000730
000731
000733
000734
000735
000736
000737
000739
000743
000744
000746
000748
000750
000751
000752
000753
000754
000756
000757
000758
000761
000762
000763
000764
000765
000766
000767
000770
000772
000775
000776
000777
000779
000780
000781
000782
000785
000786
000788
000789
000790
000793
000794
000796
000797
000799
000801
000803
000804
000805
000806
000807
000808
000810
000813
000814
000817
000818
000819
000820
000822
000824
000828
000830
000831
000832
000833
000834
000835
000836
000837
000839
000840
000841
000844
000846
000849
000851
000852
000853
000855
000856
000857
000858
000859
000860
000861
000865
000867
000868
000871
000873
000874
000879
000882
000884
000886
000887
000888
000889
000890
000891
000893
000895
000897
000899
000900
000901
000903
000904
000905
000907
000908
000913
000914
000916
000917
000918
000919
000920
000921
000922
000923
000925
000926
000927
000931
000932
000934
000937
000940
000941
000942
000943
000944
000947
000948
000949
000950
000951
000954
000956
000957
000958
000962
000964
000965
000966
000967
000969
000976
000978
000979
000981
000982
000984
000985
000986
000987
000989
000990
000991
000992
000993
000994
000995
000996
000997
000998
000999
001000
001001
001002
001003
001004
001005
001006
001007
001008
001009
001012
001014
001015
001016
001017
001018
001019
001021
001022
001024
001025
001026
001027
001028
001029
001030
001032
001036
001038
001040
001045
001049
001050
001051
001052
001054
001057
001059
001060
001062
001064
001065
001066
001070
001072
001074
001075
001076
001077
001078
001079
001081
001082
001084
001085
001086
001087
001088
001092
001093
001094
001095
001096
001097
001098
001100
001101
001102
001104
001105
001106
001107
001108
001109
001110
001114
001116
001117
001118
001119
001121
001122
001123
001124
001125
001126
001127
001128
001129
001131
001132
001133
001134
001135
001136
001137
001142
001143
001144
001145
001146
001148
001149
001150
001152
001153
001154
001155
001158
001159
001160
001161
001162
001164
001166
001167
001169
001173
001175
001176
001177
001179
001183
001184
001186
001187
001188
001189
001192
001193
001194
001195
001196
001198
001200
001202
001206
001207
001208
001209
001210
001212
001213
001214
001215
001216
001217
001218
001221
001222
001223
001226
001229
001230
001231
001232
001233
001235
001236
001237
001240
001241
001242
001243
001244
001246
001247
001248
001249
001253
001254
001255
001257
001258
001260
001262
001265
001268
001270
001272
001275
001276
001277
001278
001279
001281
001289
001290
001291
001292
001294
001297
001299
001300
001301
001302
001304
001305
001308
001309
001313
001314
001319
001320
001321
001322
001323
001325
001326
001329
001333
001336
001338
001341
001342
001344
001345
001346
001347
001348
001350
001351
001352
001353
001354
001358
001359
001363
001365
001366
001367
001368
001369
001370
001372
001373
001374
001375
001379
001380
001382
001383
001385
001386
001387
001390
001391
001392
001402
001404
001405
001407
001408
001409
001411
001412
001413
001415
001416
001417
001418
001420
001421
001422
001423
001427
001428
001429
001431
001432
001434
001436
001438
001442
001443
001446
001447
001449
001450
001457
001459
001461
001463
001464
001467
001468
001470
001471
001474
001477
001479
001482
001484
001486
001487
001488
001489
001491
001494
001495
001496
001498
001499
001502
001503
001504
001506
001507
001511
001512
001513
001514
001515
001517
001518
001520
001521
001525
001526
001528
001529
001530
001531
001532
001533
001534
001535
001536
001537
001538
001540
001541
001542
001544
001545
001546
001547
001550
001552
001553
001554
001556
001557
001558
001559
001560
001561
001562
001565
001567
001570
001571
001572
001573
001574
001575
001576
001577
001578
001579
001580
001581
001582
001585
001588
001590
001592
001593
001594
001597
001598
001599
001600
001601
001602
001605
001606
001608
001610
001614
001616
001617
001619
001620
001621
001622
001626
001627
001628
001629
001630
001632
001633
001634
001636
001637
001638
001639
001643
001645
001648
001649
001650
001652
001654
001655
001656
001658
001659
001662
001663
001664
001667
001668
001669
001672
001673
001674
001675
001676
001677
001679
001680
001681
001683
001684
001686
001687
001688
001689
001690
001691
001692
001693
001694
001695
001696
001698
001700
001702
001705
001707
001709
001710
001712
001713
001714
001717
001719
001720
001724
001725
001727
001728
001730
001732
001734
001736
001737
001738
001741
001742
001745
001746
001749
001751
001755
001757
001758
001759
001760
001763
001764
001766
001767
001769
001771
001772
001773
001775
001776
001778
001779
001780
001781
001782
001783
001784
001785
001786
001788
001789
001790
001791
001792
001793
001794
001795
001796
001798
001799
001800
001801
001802
001803
001804
001805
001807
001808
001810
001811
001816
001819
001821
001823
001825
001826
001827
001828
001830
001831
001832
001833
001834
001837
001840
001841
001842
001843
001844
001845
001846
001847
001848
001850
001851
001852
001853
001854
001856
001858
001860
001863
001864
001867
001869
001870
001871
001872
001873
001876
001877
